0
0
135
0
190
0
225
0
300
0
375
0
450
0
525
0
600
0
1
75
185
90
203
65
238
46
300
34
351
47
385
68
399
87
600
48
0
117
177
123
229
131
252
103
298
93
348
103
368
117
418
113
600
96
0
144
146
179
216
173
255
174
296
176
342
171
380
171
447
156
600
144
0
192
106
201
212
198
254
197
299
200
340
195
383
192
463
215
600
192
0
240
87
273
222
250
258
240
299
232
336
236
374
247
427
246
600
240
0
288
106
301
231
276
271
272
299
271
330
269
368
269
427
276
600
288
0
336
114
333
243
292
264
309
304
322
334
312
361
284
431
296
600
336
1
440
150
394
250
367
274
375
306
371
340
370
381
343
439
341
598
410
0
470
162
458
279
459
295
476
307
476
319
476
334
471
427
456
598
458
0
480
165
478
289
479
299
478
306
479
315
479
331
478
426
476
600
480
