0
0
135
0
190
0
225
0
254
0
290
1
450
0
525
0
600
0
1
75
191
81
202
50
229
31
254
20
288
14
319
22
362
48
600
48
0
117
189
113
206
107
238
74
262
60
296
60
335
70
377
83
600
96
0
144
193
149
208
143
245
125
274
116
310
116
366
129
393
128
600
144
0
192
203
178
212
164
249
147
279
135
318
137
370
151
391
151
600
192
0
240
211
231
225
224
250
186
284
160
323
169
371
208
400
203
600
240
0
288
227
239
230
240
263
213
292
203
320
206
370
219
375
218
600
288
0
336
238
262
242
261
275
267
303
268
328
265
371
227
375
227
600
336
0
359
239
291
244
286
276
284
306
283
330
277
371
258
375
257
598
410
0
418
236
335
249
308
279
313
305
301
334
289
373
275
379
277
598
458
0
480
165
478
289
479
299
478
306
479
315
479
331
478
426
476
600
480
