0
0
135
0
190
0
225
0
300
0
375
0
450
0
525
0
600
0
1
75
179
82
199
54
240
17
296
3
342
16
374
40
399
87
600
48
0
117
167
110
221
103
234
84
272
125
318
98
354
110
413
113
600
96
0
144
143
146
214
126
239
125
276
139
311
130
359
140
433
145
600
144
0
192
126
180
214
153
244
154
276
154
313
160
361
156
446
180
600
192
0
240
118
229
219
198
246
195
271
193
310
194
354
200
467
226
600
240
0
288
124
246
225
214
250
220
273
222
301
221
349
214
475
248
600
288
0
336
123
260
236
236
255
257
276
263
307
251
337
227
431
296
600
336
1
440
81
324
217
275
262
316
290
316
326
313
361
300
457
334
598
410
0
470
58
427
208
371
275
364
299
382
332
407
372
386
446
425
598
458
0
480
63
477
223
477
285
479
306
478
327
478
365
479
426
476
600
480
