0
0
72
0
145
0
217
0
290
0
362
0
435
0
507
0
580
0
0
48
155
116
169
91
217
55
287
36
362
48
390
76
414
115
580
48
0
96
152
159
219
154
234
134
297
122
356
126
379
152
427
149
580
96
0
144
145
197
209
187
247
192
301
182
352
195
386
193
442
199
580
144
0
192
144
239
203
234
260
239
304
233
345
241
387
236
433
238
580
192
0
240
149
275
211
275
280
264
308
264
329
266
380
275
403
281
580
240
0
288
183
310
209
299
272
301
305
293
340
301
377
300
383
302
580
288
0
336
195
315
209
318
258
355
302
360
349
355
382
326
388
327
580
336
0
384
163
389
173
392
255
389
300
412
325
410
435
384
440
381
580
384
0
432
88
420
153
437
223
434
297
453
331
441
445
441
515
405
580
432
0
480
64
477
145
480
230
477
290
480
362
480
435
480
552
478
580
480
